model      case  S_prot   4*<inc>    d%    max(inc)/S   | p_prot  p_mod   excess[Pa]  vapor[kg/m2]  implied g
ExoPlaSim     1    500    499.61  -0.08     0.9988     |  0.70  0.6956       -478          0.1       nan
ExoPlaSim     2   1900   1898.50  -0.08     0.9988     |  7.85  7.8504          1       5113.4      0.00
ExoPlaSim     3   2400   2398.11  -0.08     0.9988     |  0.21  0.2104          2        271.8      0.01
ExoPlaSim     4   1200   1199.05  -0.08     0.9988     |  2.34  2.3362       -424          7.5    -56.38
ExoPlaSim     5   1500   1498.82  -0.08     0.9988     |  0.16  0.1628        240         37.3      6.43
ExoPlaSim     6   2100   2098.35  -0.08     0.9988     |  1.83  1.8334        299       1452.7      0.21
ExoPlaSim     7   1600   1598.74  -0.08     0.9988     |  0.55  0.5460       -442         76.9     -5.75
ExoPlaSim     8    800    799.37  -0.08     0.9988     |  6.16  6.1589       -146          0.4       nan
ExoPlaSim     9   1100   1099.13  -0.08     0.9988     |  0.70  0.6956       -477          7.1    -67.64
ExoPlaSim    10    400    399.68  -0.08     0.9988     |  4.83  4.8334        296          0.0       nan
ExoPlaSim    11    900    899.29  -0.08     0.9988     |  0.10  0.1005          7          3.0      2.14
ExoPlaSim    12   1500   1498.82  -0.08     0.9988     |  2.98  2.9768       -364       1258.6     -0.29
ExoPlaSim    13   1600   1598.74  -0.08     0.9988     |  0.16  0.1628        239         59.2      4.04
ExoPlaSim    14    900    899.29  -0.08     0.9988     |  1.44  1.4389       -150          2.0    -76.75
ExoPlaSim    15    600    599.53  -0.08     0.9988     |  0.43  0.4286       -184          0.4       nan
ExoPlaSim    16   1400   1398.90  -0.08     0.9988     | 10.00 10.0004          1       1111.8      0.00
ExoCAM        1    500    497.74  -0.45     0.9958     |  0.70  0.7000        -38          0.2       nan
ExoCAM        4   1200   1194.13  -0.49     0.9956     |  2.34  2.3419        149         19.2      7.73
ExoCAM        7   1600   1554.15  -2.87     0.9766     |  0.55  0.8059      25550       2609.6      9.79
ExoCAM        8    800    795.88  -0.51     0.9954     |  6.16  6.1602        -23          1.7    -13.02
ExoCAM        9   1100   1094.77  -0.48     0.9957     |  0.70  0.7008         38          8.0      4.81
ExoCAM       10    400    398.00  -0.50     0.9955     |  4.83  4.8300        -40          0.0       nan
ExoCAM       11    900    892.03  -0.89     0.9931     |  0.10  0.1006         18          5.9      3.09
ExoCAM       12   1500   1482.58  -1.16     0.9912     |  2.98  3.1203      13991       1430.8      9.78
ExoCAM       14    900    895.78  -0.47     0.9957     |  1.44  1.4404          1          4.2      0.33
ExoCAM       15    600    597.31  -0.45     0.9958     |  0.43  0.4301        -30          1.0       nan
ExoCAM       16   1400   1392.35  -0.55     0.9951     | 10.00 10.1271      12666       1295.6      9.78
GenericPCM    1    500    492.66  -1.47     0.9999     |  0.70  0.6993       -106          0.4       nan
GenericPCM    2   1900   1872.23  -1.46     0.9999     |  7.85  8.0068      15642       1685.9      9.28
GenericPCM    3   2400   2333.53  -2.77     0.9888     |  0.21  0.2984       8802        904.3      9.73
GenericPCM    4   1200   1182.44  -1.46     0.9999     |  2.34  2.3422        183         47.7      3.83
GenericPCM    5   1500   1460.85  -2.61     0.9899     |  0.16  0.3037      14327       1466.6      9.77
GenericPCM    6   2100   2062.72  -1.78     0.9974     |  1.83  1.9072       7676        807.2      9.51
GenericPCM    7   1600   1568.11  -1.99     0.9956     |  0.55  0.6805      13005       1336.6      9.73
GenericPCM    8    800    788.33  -1.46     1.0000     |  6.16  6.1536       -675          2.2   -310.90
GenericPCM    9   1100   1083.82  -1.47     0.9998     |  0.70  0.7019        149         25.5      5.85
GenericPCM   10    400    394.17  -1.46     1.0000     |  4.83  4.8249       -554          0.1       nan
GenericPCM   11    900    886.32  -1.52     0.9995     |  0.10  0.1014        101         14.3      7.08
GenericPCM   12   1500   1478.05  -1.46     0.9999     |  2.98  3.1364      15602       1628.1      9.58
GenericPCM   13   1600   1558.78  -2.58     0.9903     |  0.16  0.2988      13841       1417.4      9.76
GenericPCM   14    900    886.81  -1.47     0.9999     |  1.44  1.4391       -129          5.9    -22.02
GenericPCM   15    600    591.16  -1.47     0.9998     |  0.43  0.4297        -73          0.8       nan
GenericPCM   16   1400   1379.59  -1.46     1.0000     | 10.00 10.2005      20007       2154.8      9.28
ROCKE-3D      1    500    500.31            0.9985
ROCKE-3D      2   1900   1901.17            0.9985
ROCKE-3D      4   1200   1200.74            0.9985
ROCKE-3D      5   1500   1500.93            0.9985
ROCKE-3D      6   2100   2101.30            0.9985
ROCKE-3D      7   1600   1600.99            0.9985
ROCKE-3D      8    800    800.49            0.9985
ROCKE-3D      9   1100   1100.68            0.9985
ROCKE-3D     10    400    400.25            0.9985
ROCKE-3D     11    900    900.56            0.9985
ROCKE-3D     12   1500   1500.93            0.9985
ROCKE-3D     13   1600   1600.99            0.9985
ROCKE-3D     14    900    900.56            0.9985
ROCKE-3D     15    600    600.37            0.9985
ROCKE-3D     16   1400   1400.86            0.9985
LFRic         1    500         -                 -     |  0.70  0.6991       -126          0.4       nan   txt Qmass=0.41
LFRic         4   1200         -                 -     |  2.34  2.3397        -66          8.2     -8.04   txt Qmass=8.18
LFRic         7   1600         -                 -     |  0.55  0.7732      22276       1735.2     12.84   txt Qmass=1735.22
LFRic         8    800         -                 -     |  6.16  6.1566       -375          1.0   -371.38   txt Qmass=1.01
LFRic         9   1100         -                 -     |  0.70  0.6999        -53          7.4     -7.12   txt Qmass=7.37
LFRic        10    400         -                 -     |  4.83  4.8284       -197          0.0       nan   txt Qmass=0.04
LFRic        11    900         -                 -     |  0.10  0.0982       -216          5.5    -39.52   txt Qmass=5.46
LFRic        12   1500         -                 -     |  2.98  3.0601       7967        829.1      9.61   txt Qmass=829.15
LFRic        14    900         -                 -     |  1.44  1.4393       -109          2.3    -46.55   txt Qmass=2.34
LFRic        15    600         -                 -     |  0.43  0.4292       -121          0.9       nan   txt Qmass=0.86
LFRic        16   1400         -                 -     | 10.00 10.1751      17469       1863.1      9.38   txt Qmass=1863.11
ExoColumn     1    500    499.90  -0.02          -     |  0.70  0.7358       3537       0.0025       nan   dat Tglob=206.983 out ts=206.98
ExoColumn     4   1200   1199.73  -0.02          -     |  2.34  2.3758       3537      23.5491    150.18   dat Tglob=293.26 out ts=293.26
ExoColumn     8    800    799.81  -0.02          -     |  6.16  6.1958       3537       0.4182       nan   dat Tglob=248.489 out ts=248.49
ExoColumn     9   1100   1099.74  -0.02          -     |  0.70  0.7358       3537       3.5952    983.72   dat Tglob=269.661 out ts=269.66
ExoColumn    10    400    399.91  -0.02          -     |  4.83  4.8658       3537       0.0010       nan   dat Tglob=201.359 out ts=201.36
ExoColumn    11    900    899.62  -0.04          -     |  0.10  0.1358       3537       0.1993       nan   dat Tglob=242.595 out ts=242.59
ExoColumn    14    900    899.82  -0.02          -     |  1.44  1.4758       3537       0.5912       nan   dat Tglob=251.629 out ts=251.63
ExoColumn    15    600    599.86  -0.02          -     |  0.43  0.4658       3537       0.0102       nan   dat Tglob=216.92 out ts=216.92
