case S_prot    Inst  S/4run  ASRmap  ASRdat  OLRmap  OLRdat alb_log 1-ASRmap/(Srun/4) fig(1-ASRdat/(Sprot/4))
   1    500   500.0  125.00   76.28  101.12  100.87  100.88    19.5    38.97    19.11
   4   1200  1200.0  299.99  111.02  200.91  203.19  203.19    31.5    62.99    33.03
   5   1500  1500.5  375.12  119.19  251.19  249.16  249.16    34.1    68.23    33.02
   7   1600  1605.2  401.28  110.44  260.41  258.12  258.12    36.2    72.48    34.90
   8    800   800.0  199.99   98.06  140.76  144.83  144.83    25.5    50.97    29.62
   9   1100  1100.0  274.99  117.26  190.25  193.16  193.16    28.7    57.36    30.82
  10    400   400.0  100.00   61.49   99.11   89.46   89.46    19.3    38.50     0.89
  11    900   400.0  100.00   61.13   81.67   81.11   81.12    19.4    38.86    63.70
  12   1500  1500.5  375.12  101.09  241.84  239.96  239.96    36.5    73.05    35.51
  13   1600  1600.0  399.98  115.49  260.59  259.16  259.16    35.6    71.13    34.85
  14    900   900.0  224.99  110.57  154.97  161.25  161.25    25.4    50.86    31.12
  15    600   600.0  149.99   89.76  120.10  119.98  119.99    20.1    40.16    19.93
  16   1400  1400.0  349.99   95.46  225.63  224.17  224.17    36.4    72.72    35.54
