model        case      raw     corr      rad corr/rad   massflux
ExoCAM          1    169.3     53.2     57.1     0.93   1.08e+11
ExoCAM          4    337.5    199.9    196.9     1.02   1.04e+11
ExoCAM          8   -582.6    150.5    140.7     1.07  -6.38e+11
ExoCAM          9    273.9    169.6    167.3     1.01   8.12e+10
ExoCAM         10   -295.5     60.7     55.7     1.09  -3.81e+11
ExoCAM         11    189.9    152.6    152.4     1.00   2.93e+10
ExoCAM         12    515.1    336.3    310.8     1.08   8.45e+10
ExoCAM         14    353.7    138.0    136.8     1.01   1.77e+11
ExoCAM         15    177.2     81.7     84.9     0.96   8.33e+10
ExoCAM         16    885.8    294.6    296.1     0.99   3.39e+11
ExoPlaSim       1     91.4     25.1     27.6     0.91   6.54e+10
ExoPlaSim       2    478.9    295.3    361.0     0.82   7.64e+10
ExoPlaSim       3    273.6    375.7    464.2     0.81  -3.83e+10
ExoPlaSim       4    655.5    152.1    174.3     0.87   4.15e+11
ExoPlaSim       5    162.5    203.1    245.8     0.83  -2.67e+10
ExoPlaSim       6    171.5    353.3    430.4     0.82  -7.57e+10
ExoPlaSim       7    186.4    237.3    280.7     0.85  -3.32e+10
ExoPlaSim       8    390.1     79.7     94.7     0.84   2.85e+11
ExoPlaSim       9     78.2    139.5    153.7     0.91  -4.92e+10
ExoPlaSim      10     99.3     21.2     29.6     0.72   8.14e+10  <--
ExoPlaSim      11     68.7     82.6     95.3     0.87  -1.17e+10
ExoPlaSim      12    200.4    250.8    313.8     0.80  -2.47e+10  <--
ExoPlaSim      13    173.2    214.9    266.2     0.81  -2.49e+10
ExoPlaSim      14    277.3     99.2    113.1     0.88   1.54e+11
ExoPlaSim      15     34.2     32.6     36.6     0.89   1.46e+09
ExoPlaSim      16      1.7      2.0    249.5     0.01  -2.08e+08  <--
ROCKE-3D        1     46.4     35.2     56.4     0.62   1.03e+10  <--
ROCKE-3D        4    213.5    177.8    196.3     0.91   2.70e+10
ROCKE-3D        5    229.9    217.8    227.1     0.96   8.00e+09
ROCKE-3D        7    239.7    223.3    234.2     0.95   1.15e+10
ROCKE-3D        8    135.6    114.7    138.0     0.83   1.80e+10
ROCKE-3D        9    163.3    139.2    157.2     0.89   1.90e+10
ROCKE-3D       10     13.0     46.9     65.6     0.71  -3.42e+10  <--
ROCKE-3D       11    124.1    114.5    130.1     0.88   7.66e+09
ROCKE-3D       12    351.0    336.3    295.2     1.14   9.40e+09
ROCKE-3D       13    244.5    237.6    240.9     0.99   4.25e+09
ROCKE-3D       14    131.2    107.9    130.0     0.83   1.93e+10
ROCKE-3D       15     57.5     53.5     74.1     0.72   3.54e+09  <--
ROCKE-3D       16    426.3    340.9    303.5     1.12   5.75e+10
LFRic           1     -0.6     52.3     53.0     0.99  -4.86e+10
LFRic           4   -157.3    189.8    177.3     1.07  -2.77e+11
LFRic           7   -347.0    104.8    447.4     0.23  -1.01e+11  <--
LFRic           8   -632.5    118.0    112.8     1.05  -6.70e+11
LFRic           9     57.4    151.3    157.4     0.96  -7.36e+10
LFRic          10   -433.7     61.1     56.5     1.08  -5.02e+11
LFRic          11     93.3    130.3    136.9     0.95  -3.03e+10
LFRic          12    159.3    286.2    299.6     0.96  -6.83e+10
LFRic          14    -51.4    119.4    116.5     1.03  -1.45e+11
LFRic          15     27.8     66.9     67.4     0.99  -3.47e+10
LFRic          16    -32.9    249.1    288.9     0.86  -1.49e+11
Generic PCM     1    -58.7     35.9     75.4     0.48  -9.04e+10  <--
Generic PCM     4   -433.2    136.1    261.3     0.52  -4.49e+11  <--
Generic PCM     8    703.3     61.1    142.2     0.43   5.90e+11  <--
Generic PCM     9   -136.0    121.9    223.6     0.55  -2.05e+11  <--
Generic PCM    10    356.6     40.5     73.2     0.55   3.27e+11  <--
Generic PCM    14   -210.6     85.2    155.4     0.55  -2.55e+11  <--
Generic PCM    15     -4.9     47.5     90.9     0.52  -4.87e+10  <--
